568054
1166906
1166596
1014063
1236472
1204732
1182264
955642
584474
992103
988162
956224
858053
1255193
1264046
1171866
1131137
1267342
1217943
1174456
970265
1016520
1225010
1065374
1155398
859337
1021235
979495
1033156
952635
1205686
899245
834838
876698
931249
888654
1002324
940832
896585
943870
994149
1046361
933229
1066819
1157153
916689
811734
940734
867963
1005268
893392
949725
1041020
709075
896482
1241564
956612
833270
1206587
1002600
886268
634438
1062994
933724
1086188
824329
928873
610485
876803
821931
845695
918489
611173
814771
1264930
925189
1357150
834726
1236247
527162
800704
968249
831472
1138875
939264
268296
917589
972465
1133835
651311
1001680
866055
1244962
713954
847335
883564
691101
770510
1175536
907705
1165043
1189566
1228274
1000194
1034402
1061124
1060359
768071
797086
951374
1153902
1263454
1179341
397718
1139496
561633
557804
858802
1229691
1123373
1204361
768329
1141980
562393
1008580
1213982
523462
763936
1225874
475889
1099476
1175416
1204520
764456
1225922
639197
825013
1250982
930259
646497
440951
467899
1198784
871553
491197
787403
1039788
817671
1234706
555299
756330
1182844
852226
913462
1122855
888860
1091282
1260475
1243117
305213
1039524
745488
1101598
852442
885228
1256402
575313
974175
918589
927289
498589
892156
303403
1203283
843605
1013244
424016
926789
1034758
843385
926089
382032
706189
492727
278054
509910
1178456
1006372
789015
458849
1208283
1196474
999636
870713
950210
820091
1169365
1197629
954672
1011060
1184816
968057
1145651
474531
1129919
1077544
1030842
468589
586649
794168
704594
645853
661735
280748
973130
971417
1291722
797812
1131705
1063249
397991
1284772
1051059
476566
489226
838188
1134119
1018613
1233648
1105342
1162397
1139013
341069
463978
1147326
343323
273392
1060869
1046535
797328
494471
598285
497941
636577
1224277
1078955
400437
1232728
786287
644074
647302
1202905
444120
534664
1118983
509488
435286
1075386
719790
835398
715384
1139634
1099634
1170463
785295
1184352
1273570
548907
653224
597577
1185860
997776
1180344
682268
788767
1026005
1131279
1032088
676207
1192715
799022
1131918
1263972
1224914
1206057
776876
1225586
1108814
1266118
934615
447018
1153638
1184758
1159593
842065
860621
864359
727238
1263343
1205739
562203
855682
947591
639523
1218693
1145919
1092802
1099081
1129631
1112797
1128767
890920
1343809
1251310
732802
935209
1177748
1229362
885748
1019432
765104
667944
560105
974840
944458
648911
1262270
889169
1150998
1316159
780034
857839
736932
764326
1052450
696706
857194
511596
868705
971033
731971
1207647
1188198
650511
575868
664698
1274296
1265686
630964
420448
776368
905161
288302
444604
832598
834054
956806
1154293
1040140
850387
308091
862119
562963
1218443
549102
841295
636741
472029
862761
993591
912351
1051233
819516
883772
1056320
850822
907503
966905
919589
932239
1009500
1208071
840630
973795
978070
918789
1017430
1188027
947785
983556
1022765
906895
1056922
885436
1002416
1099713
953702
933427
987316
1045839
954866
1119733
975885
1190419
540656
920389
756726
827743
883044
864783
842395
839631
877012
938773
866585
905365
655605
869977
950792
944752
1002508
873338
945438
1064609
912957
897613
939950
924189
946026
867539
1126451
1046448
937882
938377
887204
861905
849515
1015428
859444
918289
871028
947104
1171805
697147
939166
914573
910937
934813
873653
909927
895246
881068
900367
990700
969593
881692
771150
974460
849297
924689
1151328
996846
767297
1077129
893289
908816
924089
1012061
924589
971225
952829
1002876
1043044
1015974
964121
1038380
899449
888963
957582
641316
884084
890817
912553
729052
880652
911341
889993
914270
1023485
981864
909826
963065
1052277
945634
955060
1059072
822391
904957
893083
867857
899143
987410
891023
930655
963833
907604
903733
946810
928279
884812
421216
892980
952732
928477
634933
854494
1048188
874493
974080
886164
964217
965465
916589
817555
836630
1075054
1213829
1354826
864253
1258461
1024295
1272469
819171
1156763
906997
977690
916389
899041
1118383
1017976
1084226
857625
792214
1008304
1113709
941616
1009868
1063334
949628
1066479
859979
898123
1017794
991170
971990
789754
1011697
941714
963449
933130
1029685
1034580
933526
953314
902917
941518
1068927
1060104
1062314
983462
1149269
900061
1060529
1097422
1010420
982052
1181452
999543
1031643
801184
930160
969497
820781
972560
563911
1141704
877324
858481
1022405
997218
965849
994428
1167836
917089
949434
945928
382604
1073127
1176496
921789
917389
941910
1004808
1025825
1033868
1125721
1181916
925389
955254
1063674
1121227
854278
1109969
1186032
1003244
984778
1166224
947882
954963
920689
1058212
948949
1042252
950889
1085702
1006280
981015
979780
884188
1183076
963737
1021055
1029507
1024385
1009316
1012880
987222
1194054
1129055
724998
1009776
990606
943380
951665
819631
897715
990324
1082668
983180
697441
1081356
915684
920789
999729
939460
1033067
1224865
1125502
953605
1082176
968345
926689
1062824
986752
960569
1025555
1009040
860086
1015883
1050711
1006832
962489
1057438
897817
579182
950501
998706
1100974
1032978
930556
871658
896070
866479
997311
1006556
936298
736658
970073
1175236
1037764
929764
987128
1035737
853954
896173
1052364
976170
955933
1061379
1043484
898327
934219
1059846
1047927
1236202
1081602
1103236
926889
951180
438496
1072623
851470
808328
949240
1015337
1010604
963161
981958
1018340
1110816
1135246
1072203
1084554
1073715
1065544
1000659
1053912
940342
972275
1142049
891847
1076216
946614
1026995
928675
1020155
1073211
1007752
876908
984026
648751
409254
635757
1012425
1112417
1001310
1000566
1208699
798175
971129
945830
975790
1030130
903835
1117483
1117633
964793
1093282
1166968
1288771
1030397
1130207
965273
1138530
963641
1044099
1088780
1017339
1153374
927487
1106273
1148867
996102
860193
935011
1082340
1153044
1195154
1044969
1149001
991452
1018522
885644
1026905
1057524
977595
269083
897919
948464
1030308
1018704
1032444
1064269
966425
942400
1005360
930754
923689
573092
1223493
703579
460019
1143274
1053396
644722
932932
1114469
684828
1357118
945046
1069263
702999
1161956
1014700
1113633
564289
1088051
879508
819056
1261752
693025
987034
1109507
980540
647785
779278
829777
860942
833382
777892
892671
642940
824557
958358
891950
788023
914876
620055
587192
505028
799984
850278
807148
792091
825583
1120333
894216
834614
1166038
1002692
1160297
881380
959897
1162271
1098923
1012971
951083
827291
957388
1270255
616314
633118
1198124
1165914
706624
689016
1243461
1214849
680758
825469
858267
450130
476115
765878
1150140
1187628
694354
721200
601625
1160681
1253876
904549
1199224
894731
775479
590797
1218193
1036532
1148130
1153176
559532
1000101
891126
779782
1182380
1100740
838965
1189737
1052190
1277535
565045
658288
898939
1355881
857410
1025195
449416
750467
748053
1293232
770126
644560
470655
589177
694648
947202
910432
1209999
1183018
1207965
1110970
1190699
1188369
1191371
1237867
1178928
1234246
1196199
1225154
1212079
1201447
1193555
1139565
277280
830907
767039
1152846
1014336
726958
918189
943674
1190193
1097659
627799
818711
1162838
1022495
748725
1088699
1190136
768587
661579
931942
735973
937684
836966
819976
1353545
792704
749663
718514
713525
828986
1192323
805964
558764
522431
1241827
1089266
588457
431055
594555
532247
808092
574203
520982
476791
743058
593664
878780
1103704
757386
1139841
596157
542438
289798
1036620
456741
1163090
1191763
1237642
269869
531843
1038908
836854
517661
1230631
1198179
1203175
341715
486369
406605
851362
584110
518909
490978
574943
744813
986282
960761
763416
1134403
691989
925289
986564
993312
1092642
995172
338473
1025105
588637
