11975910
11723527
12255948
12193054
12698788
12506762
11655023
12619130
12405244
11595034
12124814
12084398
12024119
12522151
12631589
11822769
12762477
12391116
11558890
12098488
12046533
11581461
12390829
12767536
12107067
11815638
12702218
12440582
11618936
12242668
12096142
12221517
11978419
11832620
12107255
12396426
11575213
12756336
12995938
12287814
11756955
12065108
12531282
12022527
12167264
12143616
11604619
11746379
12118059
11726857
12187609
12329492
11820353
12141512
12774667
11579321
11814629
12378168
13060550
12565119
12538788
11571605
12168729
12626540
11875698
12241110
11955167
12491695
11650244
12216696
12672409
12615166
11971709
12478142
11655598
12192267
12698100
11589328
12113345
12609138
11816207
12172478
12631391
12483546
12351538
12142553
11911759
11630770
11870079
12675102
11577969
12418162
11903748
12141275
11578134
12420230
12561063
13001037
11606409
12529812
12053755
13063705
12419907
11732086
12265469
12774063
12054224
12389458
11581369
12113841
11853497
12379496
12573815
11771234
12288440
13011663
12017107
12526542
12714900
11917835
12756713
11883563
12638704
12173962
11617717
11551426
12411071
12199802
12385919
12681474
12045515
11849515
11555028
12429346
11702262
13060640
12578860
12167184
12215535
12669752
12524086
12259204
11888318
12013836
12191720
12304323
12491558
12437781
11806314
13078946
12375128
12401811
11929611
12117832
11627825
12282203
11790014
12564989
12142995
12681572
12312283
12252150
12461661
11907686
12757032
11993814
13041613
11641283
13044956
12104203
12566670
11719710
12380205
13052988
12020928
12487758
11763044
12618633
11619844
11705802
12518293
11997658
13008612
11847593
11996740
13008367
12282980
12515681
12445377
12146623
12069841
11623539
11879988
12574639
13036365
12362056
12304552
11962590
12423563
11647231
13076009
12583666
13008331
12369954
13019135
12341537
12252853
12098841
12049643
11718326
11966141
12991375
12518555
12747011
11611742
12426007
12556269
11688152
11604333
12466639
12561565
12511559
11644890
12617424
11757192
12258863
12728313
12465137
12513185
12092739
11978996
11866096
12550927
12383450
12280999
12089169
11832160
12310614
13070322
12022879
11622204
11719914
12776932
12364602
11884510
11917753
12184717
12731264
12759935
11612517
11985953
11831521
12345052
12200791
12179543
11889287
12387326
12276028
12743769
13037832
12611904
11884601
12365870
11837777
12673632
12587941
12132573
12228303
11737073
12241893
11746807
12030144
13074637
12703674
13032798
11869260
12151759
11701614
11600163
12653321
12735227
12299225
11990942
12275801
12098221
12550386
12637489
11881744
11614506
12768058
11745934
11692468
12621628
12412299
11596080
11677691
12205687
11845271
12370006
11564065
12097756
12438773
11621893
13071888
12634410
13042660
12678935
12639334
11835002
11697562
12583768
11879362
12070392
13048495
12271304
12409611
12582713
12073363
11657625
12258403
11884731
12037659
13027356
12552241
11606658
12673502
13029379
12237431
12534004
11952425
12094465
12167929
11962300
12524265
12582046
12404393
11621663
12776381
11997781
11962897
12432449
12746208
11890115
11798163
12285369
12146816
12689908
11851552
12418722
12211745
12078162
12554321
12645589
12470561
11772658
12184329
11895532
12460799
12349191
11626699
11686399
12042825
11854114
12049307
12178197
11772581
11935086
12570819
12221678
12637922
12505353
12727339
11928906
11875604
11549715
12168074
12038099
11974526
12461974
12304981
11939618
12747942
13033996
12267851
13004384
11583489
11776720
12697496
11754295
11957949
12099770
12291989
12202081
12356645
13086851
12405005
11565292
12098939
12611284
11652132
11961419
12012280
11863291
12383940
12459590
11616441
12659850
12518865
11616353
12437550
12654383
12158961
11972736
12442688
12308274
12191951
12183680
11684263
11902415
12110570
11794735
13044121
12998919
12318769
11834505
12226374
11738445
12584966
12714551
11666023
11771951
11843944
12691749
12758374
12292376
12260835
13023500
11797343
11918339
11722676
12293732
12109527
12774890
11783545
11942720
12043738
12538367
11954589
11760793
12657469
12986242
11942006
11917992
12542104
12173526
12375074
12208940
12166505
12438205
11969363
12197379
11711858
11695088
12501556
12632696
12782109
12104207
12600316
12205536
11639572
12495912
11945637
12994118
12242994
11747953
13085984
12306953
12651665
12999393
12676735
12540634
11701927
12179902
11934845
12506312
12973929
11941520
12408595
11547497
12222961
12688440
11834458
12317851
12108894
12276726
12750169
13019833
12642635
12321909
11840070
12318310
11835299
12677021
12219538
12133436
12235385
12490542
12603046
11594865
12122313
12043902
11717832
12155468
12427762
12571464
12073739
12387811
11861295
12012847
13015695
11943350
12636123
12383845
11820268
11909147
12612344
13076196
11684093
12238472
12052637
11970727
12485762
11734730
11899521
11630146
11864146
12021884
12094682
11652007
12206479
12422825
11562271
12206131
13044468
12007784
12541048
13025293
12771711
12682202
12223037
12228772
12761191
11609387
12319800
11838643
12052824
13061353
11664483
12485107
12611663
12109730
12245430
11715619
12130931
12618440
11653214
12189065
12707895
12998947
12638597
12502448
11945350
12997654
11646857
11846123
12687536
12704752
11816248
12344491
12759843
11959369
12398616
12279447
11557252
11601320
12457485
11997560
12110374
12709477
13009068
12748657
11861190
12390416
11917423
12609509
12141061
11654794
11851651
13074034
12402926
12577007
11744243
12602962
12399007
12192667
11802219
12472850
12613316
12111394
11596935
11557357
12054036
12048469
11810007
12329568
11935982
11888175
12411678
11582389
13062134
12174793
12634570
11691544
13086050
12045419
12506066
11820973
12341826
12587329
12450016
12419040
11574792
11707489
12520768
12645161
12152553
12303541
12408633
11925072
12730445
13017338
11799771
12750970
12606037
12464345
12327375
11981170
11832979
11681708
13081254
12557759
12425541
11604122
12656750
12156515
12311258
12369394
11844925
12581933
12072060
12019214
13021075
12660000
12161192
12452765
11936621
12438902
12583114
12071817
12186203
12343462
12028238
12167025
11708928
12514165
11749589
12561459
13028155
12310822
11863009
12663107
12376514
12149663
11903563
11848139
11629703
12730178
13028245
12441821
11850615
12371805
11828140
12032537
12239546
11743120
12590732
12125230
11612425
11840286
12037372
13078216
12612046
11666263
12478021
12696026
11573557
12391627
12606348
12143518
12343307
11818400
12362637
11865993
11904938
12107740
11604218
12459198
13025914
11693945
12532755
12140538
12284900
11728750
12620843
12257995
12282707
12471485
11901575
12668485
12157872
12314382
11605518
12550139
13004258
11637104
11881293
11752951
11827922
11717180
12209851
12755477
11788838
12595570
13077952
12358644
11572155
11789606
12237333
12097270
12683603
12527897
11638570
13029457
12497622
12422272
11942813
12738555
12230548
11881814
12683193
12152443
11641048
12644808
13069562
11603627
11807860
11703364
11955954
12074588
12183432
11763258
12649831
12194736
12369166
12334692
11934250
11780070
11553878
12047594
11841462
12763862
11955688
11723441
11996404
13038821
11669639
11775020
12556637
12087051
12357659
11886556
12650009
12176348
11718580
11959472
12760481
11805065
11988292
12202865
12360741
11918691
12748961
11695593
11831838
12637147
11778784
12585656
12746749
12233235
11719613
12032190
12175938
12477204
12521777
12101323
11913041
12716764
12482215
12253815
11686058
12222626
12644517
11620877
11929949
11996215
12185983
11660701
12477746
12102422
12606494
11790597
12616935
12050216
11554812
12355299
13074945
12607987
12477340
12258585
12100389
11813920
11741717
12218093
12682053
11843288
12324535
11611383
12430652
11918551
12726029
13014892
12245799
12102523
11972161
11577370
12781075
11971350
11805366
12470779
11654712
13049658
12125393
12618835
11648639
12338677
13051471
12044171
12393791
11870736
12552993
13031528
12082911
12303396
11763162
12428201
12649652
12161716
12367267
12649920
12368076
11991219
12462880
11592493
13036175
11989118
12449925
11595352
12286730
11902704
11856518
12657897
12163023
12217776
12358552
12507538
12085678
12719852
12371606
11845576
11834717
12307982
13074848
12201727
12663583
11558010
12142730
12536537
11888636
12743872
11718692
12256048
13061555
12191628
11990695
11806203
12332620
13047861
12054655
12477841
12501034
11676211
12209192
11807260
12317936
13046735
12038761
11623440
12716320
13028445
11802519
12466715
12595484
12697630
12519871
11896667
11752633
11645913
13082822
11989800
11836310
12999984
12632398
11734429
11594383
12587474
12449289
11546491
11886654
11644195
11942261
11677129
12335975
11815059
12053075
13064103
12735871
11627744
12434694
13027175
11733669
12617778
12101228
11827006
12473342
12043956
12090699
12241279
12210527
12348634
12318027
11925692
12730355
12300857
11778472
12091520
11614193
12465048
12599383
12760247
11618330
11720541
12683370
12047684
12162690
12341244
11935883
12723899
11822924
11679852
12698021
11554717
12755351
12605756
12627428
12493127
12353133
12213992
11624238
11732923
11853650
12775412
12220086
12357377
12425912
11994759
12086390
12233018
11908045
12446959
13083984
12320993
11823319
12979828
11942114
11735252
12746046
12172223
12631048
11725038
11907525
12692386
12518197
11826106
11680305
11609294
12142636
12421011
12278196
12218892
11891217
11697857
11732520
12544539
12307470
12563318
13005079
12276160
11990035
12223328
12416482
11895282
11560165
12095340
12184492
12351774
13070727
12010344
12498393
12758721
11574622
12455979
11969988
11885841
12668356
11913979
12724579
12514044
13013485
12366994
12298001
11621373
11847780
12580967
12137802
11653021
11741422
12388448
11864627
12053168
11633806
12705742
12778408
12992482
11706658
12515076
11999845
13005775
12118618
12274985
12224239
11900331
12509842
11701809
12150600
12651109
11953888
11551676
12088503
11673391
12171369
12046836
12692495
12396473
12530127
12473442
13003282
12406809
12333190
12185834
12735965
11926315
12662327
11884835
12996076
11601893
12432745
12737426
11547544
11876027
12086909
12031073
11561682
12286494
12759256
13068893
12724216
13058350
11707971
11787986
12574916
13081351
12363693
11551928
12444863
13039724
12321369
11877064
12681193
12080498
12010087
11786920
13083885
12037141
11992420
12234250
12801745
13045071
11748556
12246435
12022473
13073974
12313433
12563450
12059948
11678283
12529628
11982821
13035155
12094812
12274134
12536167
12219952
12694080
12112492
12610907
11818015
12331224
13051134
12043377
11795022
11674547
12086619
12000113
11802086
12452131
13040650
12745347
11896480
11880892
12069682
11612277
12720707
13016327
12011358
12523975
11710791
12059577
12565752
12058960
12022350
12450856
12746330
12590854
12703212
11559252
12563634
11708192
11603719
11987567
12345617
12167389
12094953
11991675
11788559
13032908
11869357
12424659
12312366
12135784
12500590
12677776
12783539
11633912
12598625
12143455
12207072
12752618
11691884
11835493
11989902
13015897
12276447
12413895
12550580
12440529
12070503
11971113
11777835
11653375
12693387
12503021
12396768
12296421
12113185
12236987
11800236
12597732
12017497
13023779
11918919
12715006
12278524
11759246
12119221
11960903
12151159
12334532
11729288
